296
6
455
125
377
158
3
219
469
288
160
349
126
428
255
288
480
304
237
458
368
189
177
424
256
88
280
398
115
110
385
400
380
166
2
187
412
450
209
391
483
190
417
210
237
113
303
236
470
429
18
377
175
84
84
497
299
22
204
345
364
322
116
231
221
220
151
200
301
93
415
232
294
88
290
453
183
259
436
75
47
306
445
338
332
330
82
119
316
193
231
58
289
269
146
111
179
231
74
176
496
210
322
344
16
483
225
464
342
203
279
366
329
348
192
193
65
331
257
307
196
334
310
391
423
418
20
481
156
394
307
460
360
419
350
305
17
213
170
42
36
101
460
487
9
95
373
32
329
285
121
274
285
290
451
217
111
412
499
381
54
281
89
199
497
489
128
195
428
53
329
316
320
476
197
248
101
271
328
490
197
397
137
239
234
24
421
49
439
93
13
292
216
191
490
487
448
345
119
340
154
317
374
271
80
53
489
341
127
76
181
202
441
4
273
181
388
77
3
391
75
3
78
186
70
222
157
451
305
36
236
378
106
415
425
104
111
418
348
449
421
430
208
148
403
145
138
20
436
454
73
78
157
97
429
372
447
125
52
296
265
472
254
439
496
423
113
139
72
421
463
340
467
322
56
427
308
353
367
472
126
466
327
448
391
149
390
449
360
357
218
113
449
239
249
68
484
22
215
404
395
488
213
61
336
53
390
235
411
234
353
337
20
276
110
249
293
170
407
323
475
384
252
344
297
266
336
451
220
481
128
31
89
199
90
473
239
462
347
128
343
300
15
446
134
158
120
492
396
426
147
443
262
308
198
69
364
242
144
384
15
124
22
435
132
122
153
4
93
231
100
474
427
323
459
138
147
473
404
242
190
260
389
314
11
229
344
9
206
142
7
396
142
387
167
99
468
104
329
11
399
230
208
45
140
112
296
104
487
425
334
266
4
160
241
87
423
381
478
336
242
269
70
189
252
82
453
317
217
459
239
354
48
365
491
64
142
417
242
443
341
161
181
411
369
141
204
472
199
296
121
91
291
120
332
284
146
39
463
138
170
121
493
104
200
75
83
256
47
285
333
351
63
126
15
429
222
201
493
477
309
279
466
188
193
440
101
427
482
23
363
486
231
212
303
348
493
170
302
423
313
417
51
77
434
132
372
173
36
54
71
338
432
196
283
162
310
338
275
440
123
251
330
445
225
337
278
184
183
308
66
302
50
206
128
280
281
336
463
34
59
467
397
332
380
45
33
179
444
51
21
60
76
384
449
236
383
404
467
51
500
87
340
128
194
255
179
295
356
370
277
215
136
289
192
302
214
54
49
205
448
397
131
136
365
6
266
117
432
62
11
338
159
160
424
288
129
383
46
224
208
67
126
480
485
32
256
66
433
155
80
462
213
246
496
459
294
294
22
6
458
226
156
259
18
309
336
332
258
95
384
47
405
217
272
51
168
94
172
320
354
498
38
170
369
156
389
259
254
35
211
281
148
468
252
180
341
229
226
172
98
157
1
354
407
120
336
61
299
73
51
301
288
228
477
281
443
432
354
269
186
2
165
430
488
104
201
23
77
493
232
428
168
333
189
291
194
103
405
385
95
338
393
222
10
166
11
107
371
66
392
226
92
302
116
270
368
161
7
12
419
403
180
320
49
491
442
457
472
249
485
192
358
10
348
275
184
353
470
478
366
217
406
362
408
172
89
204
75
333
164
235
320
43
41
312
428
407
437
368
283
217
122
371
138
358
211
489
137
387
132
347
26
204
256
71
396
228
352
365
99
488
249
134
485
88
151
429
161
121
178
485
133
322
300
366
471
12
400
126
106
58
335
408
377
110
74
177
223
391
344
309
160
425
84
151
312
410
343
352
147
166
383
185
456
409
168
412
117
221
248
36
271
286
147
334
174
464
454
305
22
83
157
481
150
188
219
345
295
163
14
72
366
389
40
315
379
194
241
189
195
25
96
146
342
233
237
209
123
272
188
242
443
40
161
67
440
255
49
381
239
490
283
216
160
140
432
48
98
384
266
400
99
329
350
132
80
406
399
465
447
176
167
320
5
389
249
446
87
401
42
157
141
452
44
342
172
42
234
73
241
231
320
463
496
348
99
40
109
194
372
469
111
361
481
382
145
357
416
356
210
291
19
331
182
281
85
435
496
278
389
7
478
368
259
41
387
38
233
373
99
15
204
84
350
109
435
67
386
119
18
48
89
121
261
297
474
344
311
403
180
129
44
168
16
145
477
476
319
79
140
481
464
78
320
363
274
267
61
178
446
89
300
333
313
2
348
199
180
210
275
30
361
313
441
92
327
114
313
117
108
70
466
237
384
267
117
97
144
121
16
365
399
359
188
148
90
415
319
289
351
374
450
394
272
233
394
492
10
424
489
452
130
212
9
110
437
158
104
345
363
47
469
104
8
355
105
226
450
144
221
217
143
237
433
189
96
116
20
28
443
354
3
74
5
59
462
120
320
116
67
83
464
183
361
213
447
429
71
68
476
339
415
388
38
3
229
233
463
289
314
171
427
100
203
465
353
334
35
93
327
164
479
494
75
422
366
70
475
202
208
234
27
135
456
448
67
158
177
42
151
423
446
14
444
209
90
308
140
236
431
3
394
431
62
284
28
213
78
50
381
183
394
218
164
212
76
194
362
211
320
124
198
1
259
91
484
412
339
298
351
346
73
472
177
118
280
6
450
490
382
461
221
229
479
420
462
116
224
279
320
499
454
89
346
59
339
456
354
372
419
4
95
436
268
144
357
1
187
225
43
175
452
278
271
214
453
425
260
194
321
330
219
241
159
418
80
34
398
55
102
37
221
43
195
114
221
212
213
22
486
175
242
495
203
91
231
172
391
279
124
191
343
443
423
89
304
271
361
106
57
401
276
319
431
271
13
82
254
344
24
47
376
361
349
154
484
281
13
275
316
209
476
486
489
123
372
191
463
385
9
363
293
361
169
397
122
184
350
145
255
488
73
129
398
28
443
453
465
328
412
31
143
1
120
478
194
68
450
82
397
253
494
66
62
366
255
93
451
98
352
412
313
408
197
223
498
134
419
37
444
27
31
61
487
379
283
302
189
286
498
215
286
125
435
443
52
210
147
490
216
433
495
415
259
450
176
487
92
455
202
118
420
176
355
296
301
317
342
99
22
367
125
5
118
214
455
18
438
454
382
115
313
430
131
394
16
91
173
347
173
212
155
117
127
455
169
237
158
29
155
189
440
86
427
142
245
392
73
252
406
285
107
479
357
421
490
254
52
404
297
172
98
7
33
298
381
124
270
306
129
53
87
82
104
460
460
427
482
193
380
345
308
433
446
424
192
334
287
328
377
129
462
446
359
6
69
132
337
469
451
41
242
70
297
45
105
289
271
318
453
219
12
441
60
391
478
108
279
339
124
231
367
298
354
88
91
361
54
225
38
173
308
312
444
162
222
200
427
366
456
284
494
483
74
441
10
238
15
499
401
413
495
336
23
353
38
328
100
276
297
267
219
397
163
193
377
450
117
468
120
185
461
151
344
11
13
379
482
239
395
44
109
51
240
165
120
199
233
411
464
107
45
292
372
444
461
490
402
180
261
264
193
466
382
408
48
215
284
379
286
216
399
80
435
280
347
301
476
417
433
167
356
313
16
496
37
143
299
338
21
346
85
366
165
103
30
14
97
197
377
162
254
319
169
393
113
44
93
99
219
224
206
14
420
237
291
498
21
370
438
215
452
87
104
302
473
46
31
21
238
93
357
348
345
360
313
213
287
41
22
493
444
123
254
487
439
207
285
170
286
414
329
287
345
106
266
283
229
201
404
426
319
218
297
315
369
189
334
106
344
74
66
298
428
467
222
364
368
276
133
221
246
294
68
208
240
54
354
64
303
300
64
304
154
33
296
69
60
106
345
196
20
304
401
50
465
5
69
452
225
400
351
57
392
6
171
326
61
77
18
107
473
352
327
202
228
209
44
215
63
390
24
399
53
107
142
336
78
85
483
156
285
479
117
389
67
13
392
485
465
369
307
481
241
388
186
136
86
261
232
107
63
36
434
117
432
200
372
440
44
361
486
329
468
279
377
315
272
9
168
251
450
107
328
282
53
198
39
464
485
48
419
156
91
151
402
430
19
313
78
372
71
359
192
399
453
457
351
259
367
128
340
229
78
314
327
331
141
207
177
486
226
302
335
165
395
238
208
412
174
115
458
416
406
30
143
433
125
293
319
467
34
218
419
278
409
405
429
341
199
126
292
190
179
376
324
33
477
15
319
270
261
64
424
446
455
267
10
174
406
449
395
460
128
316
132
24
281
228
53
139
167
480
217
321
249
81
335
312
456
65
256
50
27
492
391
130
389
467
113
307
307
405
408
444
10
460
369
109
36
50
310
191
495
436
38
209
484
450
391
412
30
378
328
366
144
135
327
167
381
400
202
188
148
252
344
374
363
242
206
58
30
185
470
275
452
286
4
203
154
51
166
328
95
347
430
186
435
159
204
201
227
315
417
354
237
419
319
244
257
181
27
84
122
59
306
438
216
113
258
3
321
346
198
288
100
243
241
239
13
313
238
373
245
140
69
42
147
18
491
95
337
384
155
414
359
483
150
91
379
85
135
14
369
404
396
345
366
119
6
54
46
438
159
298
117
344
264
446
256
104
437
111
32
74
177
71
107
30
97
52
114
226
75
120
105
391
415
112
198
73
86
19
427
449
188
421
236
364
137
377
434
18
341
54
111
159
97
420
255
107
89
103
196
106
381
9
122
113
401
54
350
156
313
248
253
224
452
56
455
201
467
63
408
449
40
150
334
353
453
361
162
337
2
302
85
72
113
227
495
149
153
423
433
62
40
366
182
463
243
128
317
47
136
465
21
391
293
324
372
352
184
10
147
465
80
24
228
158
85
38
320
167
88
400
40
342
326
285
132
197
464
475
139
340
262
30
432
348
312
297
204
71
323
43
403
50
84
258
57
16
474
153
106
450
8
473
237
49
273
125
277
420
106
442
292
72
115
26
230
398
119
199
331
16
71
476
51
104
77
124
36
398
66
357
286
125
32
459
453
150
223
453
492
359
383
380
182
323
390
351
189
9
315
300
94
197
84
357
481
407
108
486
209
327
413
464
129
369
186
210
209
136
425
1
129
451
292
9
85
236
211
343
25
196
414
424
292
334
200
314
191
152
12
360
59
13
226
169
83
316
388
72
334
366
237
394
402
154
58
400
375
429
61
287
45
167
267
402
376
105
306
238
127
105
90
452
172
45
420
208
495
269
38
471
284
393
431
103
423
144
472
374
264
39
451
58
188
119
470
6
366
397
237
242
7
51
480
158
230
62
413
331
114
333
391
65
406
273
484
497
11
446
37
250
447
164
171
116
322
476
79
85
93
71
57
289
170
320
116
477
230
214
28
212
300
59
445
410
377
37
474
345
492
238
371
236
263
32
199
424
349
367
495
386
215
491
96
372
354
10
162
124
135
324
467
224
153
247
304
170
25
76
38
343
165
208
250
172
366
435
29
443
333
312
339
24
182
87
492
352
282
117
446
164
191
277
137
31
369
129
250
146
39
360
174
149
125
114
108
116
483
476
416
363
326
212
347
329
361
278
465
499
261
255
200
469
371
242
101
66
340
206
396
81
500
220
426
102
69
182
444
135
443
101
72
260
138
319
436
346
371
472
110
446
496
105
280
494
60
305
100
397
184
115
410
204
171
386
42
227
20
30
140
14
356
14
343
55
454
420
25
274
64
80
160
159
282
462
102
446
393
84
232
322
439
272
82
462
424
246
316
326
228
254
432
288
485
246
87
406
228
298
283
172
50
148
147
376
22
2
97
230
138
428
442
485
6
167
351
229
329
287
8
323
454
179
358
434
113
325
171
93
110
165
380
124
116
391
266
346
282
416
405
306
202
103
225
478
116
365
190
375
487
250
429
347
489
108
127
48
286
1
243
21
297
340
19
212
420
418
459
95
485
34
35
453
425
433
229
494
490
48
21
26
325
421
211
185
63
197
47
485
182
490
167
32
456
439
79
29
468
309
442
353
144
68
275
106
26
61
12
96
394
92
168
236
491
289
198
125
141
160
93
349
295
387
487
370
30
169
14
11
45
399
64
289
301
20
260
143
133
497
52
124
477
326
376
207
75
423
219
84
441
48
229
491
492
51
321
314
274
321
182
385
488
242
55
139
365
461
80
104
27
57
145
230
405
345
296
405
370
450
34
425
462
188
419
385
20
151
180
5
187
216
370
28
323
423
190
274
484
497
67
177
150
2
451
276
25
159
72
111
82
500
284
459
15
328
211
412
304
372
192
228
365
80
43
290
74
465
397
477
79
228
434
119
15
332
477
388
86
206
381
176
426
434
38
241
406
364
240
314
440
258
269
145
257
113
343
29
162
48
163
49
212
42
284
56
298
500
271
165
366
289
10
418
355
163
20
36
272
284
47
48
250
389
163
449
52
497
192
149
302
323
338
479
495
276
462
236
159
218
161
76
223
418
487
465
122
20
131
373
457
440
346
356
192
257
228
364
113
109
414
197
325
475
437
425
29
416
483
79
332
363
373
39
110
364
234
355
499
383
59
195
55
325
103
274
329
242
447
159
458
399
88
166
278
349
137
98
104
472
443
425
415
495
61
389
490
405
387
436
484
67
461
69
98
235
186
176
143
363
175
325
228
91
65
17
497
319
120
377
443
241
401
82
312
451
323
393
103
24
210
38
101
279
276
101
319
280
241
280
377
83
209
494
409
485
424
19
193
185
299
77
281
8
445
377
53
434
305
224
36
294
241
392
313
457
408
262
294
337
440
391
361
34
23
297
60
48
268
18
332
35
37
497
126
228
154
301
166
280
48
312
217
118
87
31
494
57
388
492
327
206
146
58
470
484
142
152
334
164
427
62
152
455
14
300
324
315
360
137
45
289
12
169
37
82
3
237
47
244
249
78
211
398
438
87
273
103
397
153
425
233
235
160
362
76
16
359
371
363
206
276
212
390
415
337
299
118
421
108
305
145
455
446
258
411
474
142
114
283
327
12
481
324
190
166
377
221
383
473
331
157
331
22
143
151
451
382
134
254
447
309
31
249
222
342
31
62
129
178
330
89
401
168
170
392
66
94
348
444
131
358
263
311
128
324
141
192
73
230
233
347
251
197
479
71
331
85
63
426
362
348
441
362
189
110
404
395
123
278
189
101
171
374
48
254
354
341
211
133
93
393
384
212
145
468
497
365
90
251
326
413
477
324
127
233
370
303
81
218
493
467
111
448
372
180
193
11
12
43
500
380
290
440
108
114
172
319
236
280
207
57
103
168
105
408
395
473
268
484
26
343
63
458
21
403
107
86
220
469
325
101
452
306
265
257
492
285
106
234
145
334
267
258
241
252
79
78
220
130
375
321
492
440
386
140
1
23
395
270
129
412
354
285
364
481
470
257
425
417
240
35
381
237
109
119
18
66
338
493
220
211
166
462
165
366
190
463
16
153
226
255
205
391
38
139
327
33
474
344
304
140
11
146
104
170
300
271
252
147
360
55
83
108
190
1
37
404
271
424
227
490
167
17
179
174
49
471
31
155
44
422
57
387
129
144
172
311
225
86
84
380
498
437
424
197
82
134
319
252
379
128
200
307
298
183
340
443
31
182
97
421
139
405
69
425
119
494
481
59
211
283
17
270
13
73
258
49
99
84
349
1
285
407
293
10
348
281
287
205
241
355
377
162
374
467
168
450
258
284
159
58
482
114
132
48
436
141
197
354
28
45
100
90
137
403
471
396
276
109
382
373
399
456
267
193
468
56
477
256
489
346
244
67
289
66
73
353
404
432
172
390
230
254
384
7
477
417
342
43
33
120
196
200
186
474
479
419
365
282
138
139
367
119
244
93
484
222
394
2
295
416
343
416
198
243
299
131
350
8
69
36
256
441
426
462
231
110
379
375
8
101
465
58
493
245
178
200
110
285
10
290
194
151
452
290
468
233
481
320
224
248
439
65
128
31
235
8
477
119
158
233
240
420
183
431
442
32
128
57
193
126
399
86
446
305
289
473
101
130
167
486
134
472
429
381
148
263
290
161
215
176
294
410
40
234
389
184
128
461
283
116
323
154
333
334
394
292
189
250
198
195
313
136
87
113
418
2
453
49
237
114
31
475
266
279
371
251
35
198
102
72
280
450
436
376
437
176
374
355
450
31
468
425
183
486
447
185
30
277
8
498
112
219
443
214
187
460
484
369
423
279
129
56
234
408
85
455
12
415
407
422
24
469
454
281
108
298
179
394
126
458
459
343
383
316
99
333
10
138
426
481
30
314
242
209
464
308
288
276
326
382
18
247
364
489
92
382
262
12
80
435
314
338
16
153
268
234
261
306
124
202
357
137
407
475
44
45
308
330
334
328
351
191
149
182
248
355
123
145
491
255
132
400
7
295
340
137
158
356
65
206
380
56
306
151
455
214
168
136
119
287
298
220
280
62
362
138
337
190
440
97
440
150
102
356
417
391
496
249
50
251
208
72
185
381
59
362
367
345
375
491
46
391
233
495
228
368
228
224
18
308
38
218
494
496
199
402
224
482
43
457
314
374
167
4
494
385
35
102
471
19
477
33
1
412
185
216
307
151
194
496
7
20
127
228
356
351
194
385
198
17
40
123
108
397
206
191
417
286
362
260
461
36
269
249
99
340
387
204
368
428
55
271
167
466
424
248
450
85
243
295
435
252
82
463
132
253
396
316
58
202
274
288
56
397
128
45
94
454
175
170
384
236
13
463
153
75
220
398
29
427
320
352
259
133
300
352
24
184
79
178
161
42
234
491
300
330
338
145
408
415
81
101
177
204
426
87
209
144
161
436
337
391
79
169
468
98
469
224
336
342
75
475
418
430
405
152
128
261
270
256
207
465
422
268
188
251
69
463
487
196
178
149
337
422
18
251
250
215
80
52
380
115
368
61
121
69
384
15
32
317
474
222
363
156
48
162
258
292
58
481
133
174
179
314
396
486
305
500
283
217
387
170
43
379
240
293
443
75
380
396
282
154
367
182
364
493
278
230
236
287
112
52
252
331
444
428
210
434
390
355
263
381
407
140
371
192
267
457
23
97
43
401
475
293
359
412
330
181
38
67
69
338
309
341
473
337
237
402
131
42
165
117
468
258
207
481
462
85
440
27
75
411
137
264
170
195
320
348
31
23
366
316
459
251
358
306
411
169
436
392
133
7
178
490
488
121
162
39
383
240
408
73
259
48
418
230
444
47
464
103
286
413
156
448
103
342
377
306
430
478
217
88
204
387
91
203
267
354
366
5
397
258
115
4
264
82
159
48
313
162
389
186
236
5
111
120
376
410
485
351
406
237
59
474
482
9
378
158
337
350
243
308
107
438
137
163
57
254
500
20
478
149
58
245
152
19
450
196
205
226
306
339
477
38
120
236
216
299
180
112
456
331
388
229
76
472
35
481
75
146
473
259
3
107
141
111
209
55
159
323
467
33
444
14
57
441
8
365
81
33
151
186
347
241
133
159
125
152
157
305
212
389
185
457
45
469
165
317
3
207
330
105
115
330
411
401
321
44
34
239
271
259
329
402
71
189
270
307
102
235
395
27
6
243
431
193
410
95
226
451
42
129
47
396
338
106
5
80
111
68
469
191
236
135
140
36
482
15
3
365
38
95
205
185
253
15
361
494
115
179
246
466
327
3
178
320
191
45
380
154
241
323
328
46
177
114
304
34
297
305
398
29
134
312
446
139
141
1
296
129
86
413
406
358
482
231
370
75
287
435
67
247
456
361
71
205
429
186
486
126
239
41
84
469
30
409
94
443
436
42
485
474
300
91
180
493
481
1
475
315
396
217
198
472
88
34
130
361
140
86
150
198
147
279
399
23
346
324
5
298
359
290
328
94
403
315
317
144
230
266
278
52
346
216
418
219
103
53
296
309
120
24
23
386
440
35
197
279
2
335
479
115
318
78
66
485
211
472
453
6
181
219
296
194
361
217
436
310
365
18
247
35
214
63
268
345
312
180
8
19
120
44
234
155
226
88
346
7
296
346
133
144
167
418
104
244
13
313
438
249
346
85
349
397
186
233
131
307
21
426
434
303
107
313
82
478
334
451
335
151
491
195
275
422
38
476
86
122
237
44
378
146
390
377
491
102
274
377
485
294
484
115
161
490
366
71
30
62
85
486
225
55
140
496
67
348
193
108
19
491
134
165
90
332
2
184
373
43
155
382
322
420
292
246
316
86
296
391
130
344
497
411
252
313
415
407
330
209
272
208
326
325
442
378
25
414
222
344
35
411
299
144
429
373
353
108
4
52
227
199
415
230
301
207
250
250
484
285
428
315
154
480
91
236
225
473
246
161
47
115
42
458
158
147
130
429
62
2
32
305
468
400
485
205
35
138
476
437
306
354
469
364
343
289
417
335
348
183
23
423
210
456
337
320
33
391
122
186
316
257
222
52
338
375
246
167
142
264
289
300
153
294
25
423
97
456
224
137
257
80
378
335
467
90
260
48
25
116
338
439
341
321
256
350
119
389
148
5
120
207
166
351
331
195
316
173
61
307
339
269
395
107
464
456
112
330
436
125
162
118
146
134
303
294
447
171
110
107
337
288
433
58
412
273
423
131
196
188
259
238
456
350
231
247
281
33
64
245
419
50
121
347
171
151
475
5
235
133
137
248
228
303
174
392
140
452
128
23
372
473
99
303
149
192
257
31
371
373
331
164
176
491
395
457
239
203
311
184
207
167
442
497
457
377
277
93
20
398
299
407
177
332
280
178
276
226
99
442
452
36
233
457
404
226
409
238
104
448
313
306
251
124
136
330
375
385
321
326
41
33
272
185
438
386
232
390
2
182
416
462
209
345
72
124
102
455
354
192
60
7
322
94
79
302
412
69
146
423
406
216
163
81
20
434
225
444
114
338
191
79
127
400
133
40
91
146
145
428
160
256
293
457
169
82
103
402
10
52
85
444
169
69
344
103
361
131
111
280
16
99
390
289
79
316
243
162
351
123
243
390
482
28
347
328
473
98
316
428
415
297
418
382
270
109
25
64
116
331
454
383
446
289
143
25
255
18
339
276
459
199
60
378
261
62
464
270
98
462
462
447
484
64
392
306
495
209
452
477
360
197
492
184
357
92
96
263
169
65
363
281
270
129
217
411
315
375
323
314
55
410
154
367
166
338
55
102
208
14
283
351
294
289
131
394
406
38
383
404
287
496
234
310
342
413
68
343
40
351
426
17
424
158
179
43
289
358
416
411
31
84
491
50
392
116
234
451
64
119
252
183
167
68
377
181
8
490
51
346
197
62
234
257
378
197
297
380
129
245
418
398
20
357
295
122
383
348
449
359
354
234
337
208
260
154
197
446
485
90
415
49
469
96
228
190
229
427
480
301
213
437
403
367
386
371
183
324
334
293
156
193
254
414
247
194
122
355
436
23
170
184
257
306
49
187
318
105
425
293
358
28
94
73
419
205
392
178
208
440
203
274
477
128
494
478
489
234
426
417
328
463
183
21
347
200
87
410
251
327
179
259
209
295
444
71
274
344
72
474
149
223
422
106
327
449
333
229
246
319
442
152
76
434
138
424
332
182
60
484
399
59
42
446
203
41
280
398
422
440
448
320
245
124
208
417
202
326
459
104
191
69
331
369
446
430
55
290
19
116
29
354
149
410
150
431
497
30
326
380
351
433
368
96
194
98
295
63
472
74
83
106
125
266
373
466
120
218
31
80
194
368
145
394
445
210
492
343
297
176
105
418
207
38
56
149
24
225
229
441
404
90
440
55
408
111
157
167
299
185
363
354
40
345
218
155
355
33
301
155
31
203
66
240
380
478
180
413
417
459
306
264
22
179
256
47
449
53
157
431
275
57
95
90
284
238
298
224
487
52
489
111
165
496
184
46
54
60
205
316
381
378
36
133
168
141
496
293
186
266
370
128
12
115
152
142
400
497
279
97
314
326
207
251
22
68
264
67
437
344
299
373
74
325
338
416
393
408
96
179
430
306
262
253
445
145
493
351
189
403
66
87
406
87
3
458
23
374
420
150
84
414
70
475
13
360
215
332
226
484
25
344
179
192
91
339
452
23
51
83
121
304
120
380
489
281
137
270
386
306
55
209
341
146
366
283
202
54
151
473
268
215
355
168
370
276
108
131
78
388
24
333
365
280
74
494
170
499
320
50
197
17
169
162
137
58
388
129
360
303
339
426
223
2
306
334
331
264
351
383
359
203
423
236
291
262
438
358
171
327
362
64
330
365
336
385
271
289
190
439
395
337
185
282
167
225
259
100
423
168
11
428
130
382
87
49
445
86
379
117
213
140
66
347
217
300
258
287
104
97
127
312
245
45
413
496
97
439
331
279
496
237
144
338
16
470
387
135
308
445
432
66
255
15
448
50
464
391
496
224
208
433
455
63
234
391
202
69
236
478
88
24
315
136
406
292
190
412
439
444
174
419
177
40
295
61
246
327
401
452
308
120
410
452
140
138
491
293
267
394
136
489
9
430
496
266
41
69
484
454
458
438
153
493
26
4
140
311
34
436
19
69
160
75
70
355
430
84
196
474
135
213
457
365
27
68
81
127
261
265
455
252
451
342
17
94
21
176
170
120
437
213
161
441
467
486
387
228
275
311
177
280
21
150
94
28
117
302
93
83
315
140
306
228
203
462
354
441
494
250
334
122
166
48
200
95
4
198
291
86
357
30
113
452
419
299
373
384
19
338
150
230
6
324
434
70
10
426
410
336
84
222
422
37
307
16
329
447
35
111
67
225
373
273
34
117
296
388
181
161
188
54
372
265
329
372
355
140
102
195
206
499
296
236
311
314
309
407
490
127
156
400
334
438
471
187
90
338
283
394
277
6
244
34
152
415
188
130
471
308
412
387
203
50
53
351
377
59
41
34
85
156
113
304
419
13
412
206
113
384
11
389
301
421
68
212
23
452
14
363
323
119
359
270
149
99
412
53
463
232
414
208
277
146
21
352
149
465
225
151
418
233
6
427
471
87
228
185
177
86
111
266
275
49
220
347
21
361
186
367
441
260
351
123
484
472
232
482
299
156
426
209
125
87
303
28
240
453
98
6
274
168
376
307
236
300
27
318
219
101
97
365
259
404
173
433
275
257
392
54
304
276
169
233
478
97
410
430
389
357
235
482
114
125
342
88
429
434
132
455
180
232
303
306
392
63
33
86
272
119
284
200
97
327
118
44
445
178
125
179
231
432
271
26
349
409
266
89
85
25
346
459
389
200
180
144
402
457
423
468
89
323
375
92
385
149
308
452
60
401
44
480
256
279
50
78
476
190
407
30
337
328
411
381
140
336
199
84
52
141
271
395
342
177
236
208
289
326
409
84
29
286
121
10
176
97
402
51
418
405
401
52
376
218
85
14
87
66
493
335
169
409
129
394
434
439
290
26
417
448
292
329
409
459
486
292
360
44
442
37
73
243
449
488
160
403
427
284
225
280
226
241
487
104
222
207
261
199
190
435
409
48
352
387
322
12
206
89
196
91
16
183
117
103
467
47
449
276
254
428
226
36
151
192
386
46
353
50
245
76
235
312
434
117
449
441
371
364
321
315
324
141
416
336
113
17
287
250
150
128
360
63
458
294
260
313
464
95
301
348
104
34
118
83
172
471
397
64
284
193
330
122
323
48
19
271
117
235
55
165
417
365
360
125
422
252
421
185
329
476
27
169
440
62
94
25
413
162
120
345
200
430
273
196
428
224
416
346
294
74
81
121
293
423
398
412
164
188
342
290
298
199
257
84
413
169
255
392
450
173
313
497
281
498
364
227
490
421
272
130
34
388
460
236
472
168
194
64
482
37
44
61
482
231
424
18
114
81
288
417
155
123
471
170
152
71
269
345
469
340
405
139
222
171
95
389
478
81
414
84
35
342
177
374
345
483
256
58
445
121
389
269
125
416
159
304
323
299
61
58
226
345
212
82
376
342
439
194
299
473
398
61
386
96
178
130
116
280
304
296
436
340
5
327
258
171
291
112
487
398
345
244
411
465
463
281
184
126
389
225
235
223
305
61
11
157
285
44
116
73
217
65
461
311
251
302
33
245
369
285
267
161
251
58
98
207
438
355
343
411
280
102
365
458
412
150
41
75
308
69
333
42
184
219
75
30
104
478
328
28
271
268
359
184
458
151
225
310
329
178
17
493
139
219
99
128
141
314
181
334
136
29
21
130
417
151
313
252
479
247
241
311
248
168
30
199
187
497
151
181
321
366
126
130
416
62
229
167
53
362
289
158
128
83
431
47
311
174
181
341
283
453
376
116
266
257
96
313
190
390
97
43
244
84
29
153
112
206
34
74
421
168
328
104
230
471
378
148
365
453
448
255
252
124
290
414
384
403
328
393
4
270
391
477
433
187
72
437
258
61
182
462
349
241
42
294
419
64
452
9
459
482
115
181
208
332
279
428
307
56
140
427
27
453
337
51
181
65
403
339
352
266
153
34
89
225
188
494
383
319
374
368
346
160
498
58
318
333
433
182
478
429
410
161
151
88
206
337
425
300
67
206
413
477
11
261
229
111
374
488
19
399
416
144
242
200
83
450
427
394
297
363
188
371
17
12
100
405
312
281
383
304
204
474
350
397
385
165
45
133
304
215
326
96
79
137
3
312
215
1
352
336
279
369
146
146
291
57
456
151
463
160
441
154
231
148
44
400
161
96
390
4
59
345
339
108
300
128
40
183
401
64
53
164
140
364
257
408
29
233
290
485
61
343
415
173
339
141
281
377
304
224
362
219
373
345
209
392
210
347
328
306
444
326
345
368
186
181
410
326
190
197
474
474
479
12
447
402
409
114
192
275
251
124
463
249
50
298
255
277
127
164
281
249
91
92
259
169
283
27
247
205
272
26
80
387
255
254
440
481
71
327
430
428
372
43
110
365
90
491
52
377
482
144
330
220
10
208
87
409
90
434
138
184
482
331
226
84
97
298
30
375
109
47
201
203
291
292
495
480
167
314
3
136
464
176
189
103
136
481
337
124
139
104
488
182
35
494
262
216
121
245
457
421
327
227
186
174
390
308
498
302
140
382
391
498
89
446
177
497
225
60
85
145
423
383
350
252
351
389
146
440
203
309
289
377
451
361
151
167
150
492
197
233
348
234
416
299
244
441
465
420
463
421
102
313
72
129
287
57
428
500
263
4
441
130
275
246
153
209
7
442
454
262
49
11
147
329
386
323
332
174
491
439
22
62
334
222
235
99
122
359
416
55
34
333
387
391
192
328
363
45
137
458
213
12
288
25
32
291
151
112
22
195
420
280
461
318
236
149
264
371
205
486
33
147
451
183
462
178
225
378
217
463
175
175
325
136
250
30
105
153
118
134
213
463
442
217
384
361
205
395
199
423
422
430
275
340
353
196
483
400
9
151
133
150
382
253
134
455
446
430
140
70
335
246
198
91
396
316
257
437
123
264
368
271
275
187
441
63
325
1
299
387
154
270
10
327
107
476
159
131
457
149
321
489
163
126
423
495
172
454
84
37
76
400
40
185
486
327
373
78
165
192
371
457
37
315
446
166
262
255
318
434
236
105
377
62
15
445
4
429
237
162
205
37
121
79
300
13
148
187
315
147
196
43
81
428
244
288
117
318
106
62
379
218
316
47
172
433
387
489
304
262
185
252
258
71
441
30
475
91
469
190
17
32
37
463
162
484
275
149
239
483
443
191
32
8
178
219
224
34
183
429
409
89
132
237
197
39
171
438
405
295
205
471
342
164
423
102
51
333
121
433
439
231
314
178
214
495
280
84
232
199
414
164
120
80
226
4
290
137
196
287
5
88
337
137
229
130
138
146
475
421
445
395
